t1234,t0235,Energy
0.30670429066812,1.35207466505247,-2.09003132522388
-0.521366120872004,1.38433962000755,-1.92722669717295
-0.402155890445953,-2.97869333469825,-1.70094229739045
0.319172635092113,1.3078313407955,-2.09695699078878
2.93443502250518,0.296768974045944,-1.90204697863282
-1.74676842270454,2.3293797790705,-1.76331999076601
2.46841313127903,-1.0557020186411,-1.56901175081857
-2.66213353097934,1.75878164260654,-1.58432449748078
2.34632613689039,2.94392780845266,-1.81851910393478
-3.07640992232074,0.01177840984591,-1.7895183555147
1.70475787930813,-3.01120431027947,-1.69885233132079
-2.00892479310944,-3.01922610242098,-1.73498378144302
-2.17295894743679,1.50827672613851,-1.59338483129624
1.74485570588578,-1.64907715001692,-1.4098360394381
0.087608612725521,1.71634664165958,-2.01626534089722
2.19168623036215,-2.01755640661187,-1.42203687209741
-1.738613425828,0.145539566353913,-1.55442873791028
-1.29015783816611,0.192182253413477,-1.61964839382063
0.944829226276474,0.034264557725324,-2.04764620332997
-2.52877096012133,1.64148038131629,-1.57890660603607
0.553742154438696,2.49890905166407,-1.92969666717286
-2.83544519839581,-1.32506308703473,-1.73876687018044
-1.83179646812995,-0.11510128357155,-1.54863565177563
0.108685809630189,2.80834886514797,-1.84285551444398
2.89037396136862,1.25357118084846,-2.00392823964265
2.32555853708863,0.51696118935529,-2.0279209792483
-1.20678028368953,0.121840257855542,-1.63158217671559
-0.466706142065698,1.97658793615297,-1.91480073192419
1.43893578069321,0.384779769562555,-2.0944199742912
2.2855713966738,-1.35147567894375,-1.48101616764295
0.905680547949473,-0.74927933778361,-1.70494405316285
-1.34426348426987,2.87836216468936,-1.78639965978425
2.25496777116007,-0.79977940082718,-1.66019576635433
-1.58015747218772,-0.314313699451487,-1.53274662293095
-2.89930246685557,1.75992309810287,-1.56733367838755
-0.263548533027282,-1.20417493363326,-1.46567504150073
1.43575302881913,0.63846092616515,-2.1262233709422
2.79285452416427,-0.225577823711469,-1.81639436244587
-0.723991842444534,2.26011105657539,-1.86997475360182
0.294613256958542,1.87175475354604,-2.01891973829245
-0.580019508828028,-2.79371756384224,-1.64764970909361
-1.56499302765133,-2.85196407041725,-1.69576257881116
-0.788287681898749,2.83192150777042,-1.8108168212227
-2.41868349252562,0.685285277105763,-1.56228990817871
2.10387526872045,-2.48313931036337,-1.51333100515378
3.07254995651154,0.311298699759005,-1.874786908297
1.78337125628493,0.847185160783085,-2.10923879288619
-2.42852355445335,2.98126520746825,-1.75196238625336
-3.03169804025658,2.46032739903131,-1.67314318568098
-1.25057720657261,-1.58925738104245,-1.43515762357312
-0.033918861438451,-1.70850424289782,-1.39242882336556
1.10415304790179,-2.86065772732031,-1.64220793558292
2.03016214534555,-2.97748853553682,-1.68646842666108
2.17814414353422,0.384314423898964,-2.02480891317254
-0.50150520812376,-0.859291583271463,-1.54752516063916
-2.55657603479651,2.9635015465241,-1.74900543250748
3.04226712118521,-1.04670160253307,-1.55997621717602
-2.59275866071946,-1.69346232804501,-1.66421789840109
-0.847566618772366,-0.306582272336264,-1.64509706257439
2.66429120790543,-2.14966254153768,-1.45473803849271
-1.25114976691868,-1.96697744711181,-1.47661577009085
2.03870184368659,-2.00213867890244,-1.41562110204276
-2.92950555301059,-0.068439545909209,-1.76821674818157
0.338921440029928,-0.651893709859374,-1.74114221114939
-0.759646368610882,0.42159021816163,-1.81666290583691
-1.76780528701732,-2.9442835478057,-1.71916480513639
-2.17217520959504,-2.30153353822277,-1.63776387226706
0.288093030880632,2.25476258305189,-1.96164789159657
-1.51191364450816,-2.86914713402548,-1.6975716034649
-1.28020427370529,1.9419297300422,-1.78633945128621
2.68593943935586,2.34002342103932,-1.97165549629521
-1.97558881347413,-0.712517592949991,-1.55061557443068
-2.47093674946446,1.15825892490344,-1.54572322091881
0.896547182349784,0.242662466013684,-2.10660210096384
-1.87111817443089,1.78786532534063,-1.67470803481944
0.433164178126971,-2.72712718800036,-1.59975815833478
-1.18859142272709,2.00425581839873,-1.80553741043021
2.63333971070688,0.893441304187156,-2.02243816463648
-2.83886107287842,1.13702414987658,-1.54817067006855
0.004197961605223,-0.200638280103227,-1.90162795439058
0.137700507910714,1.2529071553846,-2.07836755137238
-0.908428474705201,-0.999975999606907,-1.46742260957112
-1.41229876893537,0.874812671353088,-1.64909475449806
-1.526547452281,1.15477144159421,-1.64889087854768
-2.85230855887649,-0.81529157287612,-1.78217737478892
0.756330982970178,0.056253789366992,-2.06074490579092
-1.86857561941633,-1.84038830493567,-1.53761023505331
0.981836832694103,2.85822964763695,-1.84486762958709
0.927090585353847,0.04492281593134,-2.05187054124382
-0.001920641138928,-1.53349221172106,-1.40622641483397
-2.17992476070019,-2.15082442518258,-1.61900105360817
-1.87864981177108,-1.07429609276474,-1.51830825839369
2.42455868439361,1.81321146046403,-2.04711427241324
0.668244012471965,0.989674373650269,-2.15638032630935
1.37844154873208,0.673690515286606,-2.13357302476446
-1.70397794234082,-1.94346449671514,-1.52610131023773
-1.79267514687517,2.57297928286914,-1.77470959646714
2.11708237091935,2.95457899582056,-1.8158865077729
1.45937816040525,0.422161034684861,-2.09864813065349
1.08245810833107,-0.074905626729625,-2.00267628895485
0.272721292519979,-1.39254622319984,-1.43743250923254
0.103035616637918,0.444017543503733,-2.08766283299318
0.613751499252287,1.10575833180795,-2.14458733058558
-0.426557875490545,-2.04696587157248,-1.43252074009932
-2.21217996005708,-1.70715177123436,-1.58824163970166
-2.61543919413971,-1.0461108168338,-1.70228072076122
-3.08777844221821,2.8544930132608,-1.72635376540903
-2.11928724299887,1.60083546700928,-1.61254967772348
-1.67377059638407,-2.92552885164185,-1.71346545943567
0.70032704913,-0.05386948894669,-2.02432267161023
-2.41237331518651,0.995604526430963,-1.54619066164954
0.704785999344376,-2.07929605719683,-1.40828272964746
-0.785039212100207,0.881559926427374,-1.8439499991442
2.21159007626206,-2.67724264719641,-1.57761332939607
-2.18886090533617,2.31689493004563,-1.71924566206591
-1.9095083341809,1.27406913575619,-1.59554859845005
-0.784338609195091,-0.950599393363598,-1.48777760751149
-0.305292896184085,-1.26082725021195,-1.44902039694669
2.7812618451806,0.497238046505994,-1.9599820509624
2.18556675529251,-0.013626910764638,-1.93734852944492
1.11812768583521,0.081422555955929,-2.05145800592201
-2.4420804308311,-1.8173009259924,-1.63568304651487
-2.15518384440175,1.2705231679527,-1.56815172860408
1.23445230026202,-1.34372618842343,-1.46002068711451
-2.47516719488763,1.54234282716484,-1.57091367664349
